objs_food_box_phone_camcorder_batteries_shampoo:0 0 0 0 0 0.005112 0 0 0 0 0.0371781 0.0192006 0 0 0 0.0604324 0.0765704 0.00243223 0 0 0.00125 0.0725228 0.0611996 0 0 0 0.00859863 0.0765704 0.0765704 0 0 0.00945513 0.075387 0.0765704 0 0.00153846 0.0661724 0.061717 0.00118343 0 0.0581965 0.0655665 0.00493097 0 0 0.0525528 0.0158162 0.00246548 0 0 0.0081316 0.00125 0 0 0 0.00142857 0 0 0 0
objs_large_brush_mug:0.0239405 0.0267183 0.0136727 0.00557276 0 0.0374567 0.0130456 0 0 0 0.0307145 0.003125 0 0 0 0.0378743 0 0 0 0 0.0450694 0.0412232 0.0240144 0 0 0.0282922 0.0650485 0.069069 0.0352949 0.00384615 0.037031 0.0692152 0.0718468 0.0379265 0.00454545 0.0436489 0.0310313 0.00925551 0 0 0.039984 0.0139411 0 0 0 0.0242999 0.017487 0.00277778 0 0 0.0244983 0.0175741 0.00277778 0 0 0.00809991 0.0267183 0.0107315 0.00263158 0
objs_bear_bowl_plate:0.00151515 0.00450483 0 0 0 0.00499109 0.00450483 0 0 0 0.0146968 0.0164793 0.00444616 0 0 0.0430916 0.0462576 0.035438 0 0 0.0213674 0.0327574 0.0488801 0.0485583 0 0.0131637 0.020317 0.0318319 0.0530631 0.0260679 0.00955173 0.0172011 0.0267496 0.0435836 0.0298179 0.00707071 0.0345241 0.0367311 0.043615 0.012582 0.0184888 0.0403442 0.0343168 0.0167341 0 0.0443591 0.0466579 0.0206132 0.00526515 0 0.0124092 0.0170793 0.00283816 0 0 0.0030303 0.00450483 0 0 0
objs_large_vitamins_water_bottle:0.00520833 0 0 0 0 0.0257576 0 0 0 0 0.0906313 0.0268939 0 0 0 0.0511932 0.0829924 0 0 0 0.0240846 0.0721023 0.0596023 0 0 0.0131944 0.031029 0.0961869 0 0 0.0240846 0.0961869 0.0961869 0 0 0.0791414 0.0710606 0 0 0 0.0443624 0.00555556 0 0 0 0.00454545 0 0 0 0 0 0 0 0 0 0 0 0 0 0
objs_soap_box_salt:0 0 0 0 0 0.00454545 0 0 0 0 0.0560365 0.0265909 0 0 0 0.0695466 0.0878041 0.0269697 0 0 0 0.0552789 0.0878041 0 0 0 0 0.0878041 0.0077381 0 0 0 0.0878041 0.0077381 0 0.0140909 0.0836375 0.0878041 0 0 0.0746873 0.0691678 0 0 0 0.0453546 0.0195971 0 0 0 0 0 0 0 0 0 0 0 0 0
