objs_large_vitamins_water_bottle:0.00520833 0 0 0 0 0.0257576 0 0 0 0 0.0906313 0.0268939 0 0 0 0.0511932 0.0829924 0 0 0 0.0240846 0.0721023 0.0596023 0 0 0.0131944 0.031029 0.0961869 0 0 0.0240846 0.0961869 0.0961869 0 0 0.0791414 0.0710606 0 0 0 0.0443624 0.00555556 0 0 0 0.00454545 0 0 0 0 0 0 0 0 0 0 0 0 0 0
objs_bear_bowl:0 0.00675725 0 0 0 0.00294118 0.00675725 0 0 0 0.0175986 0.0224462 0.00666925 0 0 0.0424121 0.0505133 0.036784 0 0 0.0146079 0.0246381 0.0488221 0.0483394 0 0.00217391 0.0234207 0.0452478 0.0550967 0.0202288 0 0.0212468 0.0401244 0.0550967 0.0202288 0.00333333 0.0449586 0.0550967 0.0488221 0 0.0171081 0.0461887 0.0348749 0.00372807 0 0.0420406 0.0454888 0.0113027 0 0 0.00844329 0.0154486 0.00425725 0 0 0 0.00675725 0 0 0
objs_food_box_phone_soap_box_camcorder_glad_batteries_shampoo:0 0 0 0 0 0.00454429 0 0 0 0 0.0387598 0.020747 0 0 0 0.0625785 0.075951 0.00173731 0 0 0.000892857 0.0700666 0.0649718 0 0 0 0.00614188 0.075951 0.0663939 0.0094898 0 0.00879448 0.0751057 0.0663939 0.0094898 0.0010989 0.0673333 0.0604349 0.000845309 0 0.0577015 0.068091 0.00352212 0 0 0.0546799 0.0188012 0.00176106 0 0 0.00580829 0.000892857 0 0 0 0.00102041 0 0 0 0
objs_plate:0.00454545 0 0 0 0 0.00909091 0 0 0 0 0.00889328 0.00454545 0 0 0 0.0444506 0.0377461 0.0327461 0 0 0.0348864 0.0489961 0.0489961 0.0489961 0 0.0351433 0.0141097 0.005 0.0489961 0.0377461 0.0286552 0.00910973 0 0.0205574 0.0489961 0.0145455 0.0136552 0 0.0332006 0.0377461 0.02125 0.0286552 0.0332006 0.0427461 0 0.0489961 0.0489961 0.0392342 0.0157955 0 0.0203409 0.0203409 0 0 0 0.00909091 0 0 0 0
objs_large_brush_mug:0.0239405 0.0267183 0.0136727 0.00557276 0 0.0374567 0.0130456 0 0 0 0.0307145 0.003125 0 0 0 0.0378743 0 0 0 0 0.0450694 0.0412232 0.0240144 0 0 0.0282922 0.0650485 0.069069 0.0352949 0.00384615 0.037031 0.0692152 0.0718468 0.0379265 0.00454545 0.0436489 0.0310313 0.00925551 0 0 0.039984 0.0139411 0 0 0 0.0242999 0.017487 0.00277778 0 0 0.0244983 0.0175741 0.00277778 0 0 0.00809991 0.0267183 0.0107315 0.00263158 0
