objs_large_brush_mug:0.0239405 0.0267183 0.0136727 0.00557276 0 0.0374567 0.0130456 0 0 0 0.0307145 0.003125 0 0 0 0.0378743 0 0 0 0 0.0450694 0.0412232 0.0240144 0 0 0.0282922 0.0650485 0.069069 0.0352949 0.00384615 0.037031 0.0692152 0.0718468 0.0379265 0.00454545 0.0436489 0.0310313 0.00925551 0 0 0.039984 0.0139411 0 0 0 0.0242999 0.017487 0.00277778 0 0 0.0244983 0.0175741 0.00277778 0 0 0.00809991 0.0267183 0.0107315 0.00263158 0
objs_soap_box_salt:0 0 0 0 0 0.00454545 0 0 0 0 0.0560365 0.0265909 0 0 0 0.0695466 0.0878041 0.0269697 0 0 0 0.0552789 0.0878041 0 0 0 0 0.0878041 0.0077381 0 0 0 0.0878041 0.0077381 0 0.0140909 0.0836375 0.0878041 0 0 0.0746873 0.0691678 0 0 0 0.0453546 0.0195971 0 0 0 0 0 0 0 0 0 0 0 0 0
objs_bear_bowl_plate:0.00151515 0.00450483 0 0 0 0.00499109 0.00450483 0 0 0 0.0146968 0.0164793 0.00444616 0 0 0.0430916 0.0462576 0.035438 0 0 0.0213674 0.0327574 0.0488801 0.0485583 0 0.0131637 0.020317 0.0318319 0.0530631 0.0260679 0.00955173 0.0172011 0.0267496 0.0435836 0.0298179 0.00707071 0.0345241 0.0367311 0.043615 0.012582 0.0184888 0.0403442 0.0343168 0.0167341 0 0.0443591 0.0466579 0.0206132 0.00526515 0 0.0124092 0.0170793 0.00283816 0 0 0.0030303 0.00450483 0 0 0
objs_large_vitamins:0 0 0 0 0 0.0181818 0 0 0 0 0.0837879 0.0174242 0 0 0 0.0667172 0.094899 0 0 0 0 0.094899 0.0837879 0 0 0 0 0.094899 0 0 0 0.094899 0.094899 0 0 0.074697 0.094899 0 0 0 0.0658081 0.0111111 0 0 0 0.00909091 0 0 0 0 0 0 0 0 0 0 0 0 0 0
objs_food_box_phone_camcorder_glad_batteries_shampoo:0 0 0 0 0 0.00530167 0 0 0 0 0.0385611 0.0214271 0 0 0 0.059279 0.0748801 0.00202686 0 0 0.00104167 0.0680151 0.0620711 0 0 0 0.00716553 0.0748801 0.0748801 0.0110714 0 0.0102602 0.0738939 0.0748801 0.0110714 0.00128205 0.0662151 0.0567781 0.000986193 0 0.0562947 0.0657102 0.00410914 0 0 0.0514528 0.0154024 0.00205457 0 0 0.00677633 0.00104167 0 0 0 0.00119048 0 0 0 0
