objs_food_box_phone_soap_box_camcorder_glad_batteries_shampoo:0 0 0 0 0 0.00454429 0 0 0 0 0.0387598 0.020747 0 0 0 0.0625785 0.075951 0.00173731 0 0 0.000892857 0.0700666 0.0649718 0 0 0 0.00614188 0.075951 0.0663939 0.0094898 0 0.00879448 0.0751057 0.0663939 0.0094898 0.0010989 0.0673333 0.0604349 0.000845309 0 0.0577015 0.068091 0.00352212 0 0 0.0546799 0.0188012 0.00176106 0 0 0.00580829 0.000892857 0 0 0 0.00102041 0 0 0 0
objs_large_vitamins_water_bottle:0.00520833 0 0 0 0 0.0257576 0 0 0 0 0.0906313 0.0268939 0 0 0 0.0511932 0.0829924 0 0 0 0.0240846 0.0721023 0.0596023 0 0 0.0131944 0.031029 0.0961869 0 0 0.0240846 0.0961869 0.0961869 0 0 0.0791414 0.0710606 0 0 0 0.0443624 0.00555556 0 0 0 0.00454545 0 0 0 0 0 0 0 0 0 0 0 0 0 0
objs_large_brush_mug:0.0239405 0.0267183 0.0136727 0.00557276 0 0.0374567 0.0130456 0 0 0 0.0307145 0.003125 0 0 0 0.0378743 0 0 0 0 0.0450694 0.0412232 0.0240144 0 0 0.0282922 0.0650485 0.069069 0.0352949 0.00384615 0.037031 0.0692152 0.0718468 0.0379265 0.00454545 0.0436489 0.0310313 0.00925551 0 0 0.039984 0.0139411 0 0 0 0.0242999 0.017487 0.00277778 0 0 0.0244983 0.0175741 0.00277778 0 0 0.00809991 0.0267183 0.0107315 0.00263158 0
objs_salt:0 0 0 0 0 0.00909091 0 0 0 0 0.0721212 0.0365152 0 0 0 0.0567172 0.0932323 0.0539394 0 0 0 0.0281818 0.0932323 0 0 0 0 0.0932323 0 0 0 0 0.0932323 0 0 0.0281818 0.0932323 0.0932323 0 0 0.0832323 0.0559596 0 0 0 0.0166667 0 0 0 0 0 0 0 0 0 0 0 0 0 0
objs_bowl_plate:0.00227273 0.00675725 0 0 0 0.00748663 0.00675725 0 0 0 0.0107212 0.0153045 0.00502451 0 0 0.0392809 0.0422937 0.032346 0 0 0.026832 0.0431026 0.0462276 0.0457448 0 0.0197456 0.0304756 0.0242295 0.0525021 0.018873 0.0143276 0.0258016 0.0130318 0.0382827 0.024498 0.0106061 0.0280744 0.028004 0.0383298 0.018873 0.0195311 0.0368244 0.0383298 0.0234564 0 0.0462276 0.0428942 0.0263743 0.00789773 0 0.0101705 0.0169277 0.00425725 0 0 0.00454545 0.00675725 0 0 0
