objs_bear_bowl_plate:0.00151515 0.00450483 0 0 0 0.00499109 0.00450483 0 0 0 0.0146968 0.0164793 0.00444616 0 0 0.0430916 0.0462576 0.035438 0 0 0.0213674 0.0327574 0.0488801 0.0485583 0 0.0131637 0.020317 0.0318319 0.0530631 0.0260679 0.00955173 0.0172011 0.0267496 0.0435836 0.0298179 0.00707071 0.0345241 0.0367311 0.043615 0.012582 0.0184888 0.0403442 0.0343168 0.0167341 0 0.0443591 0.0466579 0.0206132 0.00526515 0 0.0124092 0.0170793 0.00283816 0 0 0.0030303 0.00450483 0 0 0
objs_food_box_phone_camcorder_glad_batteries_shampoo:0 0 0 0 0 0.00530167 0 0 0 0 0.0385611 0.0214271 0 0 0 0.059279 0.0748801 0.00202686 0 0 0.00104167 0.0680151 0.0620711 0 0 0 0.00716553 0.0748801 0.0748801 0.0110714 0 0.0102602 0.0738939 0.0748801 0.0110714 0.00128205 0.0662151 0.0567781 0.000986193 0 0.0562947 0.0657102 0.00410914 0 0 0.0514528 0.0154024 0.00205457 0 0 0.00677633 0.00104167 0 0 0 0.00119048 0 0 0 0
objs_large_brush:0.0159074 0.0159074 0.0159074 0.0111455 0 0.0302413 0 0 0 0 0.0296003 0 0 0 0 0.0362277 0 0 0 0 0.0434749 0.0434749 0.0183584 0 0 0.0318987 0.0628976 0.0764941 0.0628976 0.00769231 0.0309989 0.0712309 0.0764941 0.0681607 0.00909091 0.0590698 0.034384 0.00526316 0 0 0.0451465 0.0135965 0 0 0 0.0135965 0.00833333 0 0 0 0.0100251 0.0047619 0 0 0 0.0106443 0.0159074 0.0159074 0.00526316 0
objs_large_vitamins_water_bottle:0.00520833 0 0 0 0 0.0257576 0 0 0 0 0.0906313 0.0268939 0 0 0 0.0511932 0.0829924 0 0 0 0.0240846 0.0721023 0.0596023 0 0 0.0131944 0.031029 0.0961869 0 0 0.0240846 0.0961869 0.0961869 0 0 0.0791414 0.0710606 0 0 0 0.0443624 0.00555556 0 0 0 0.00454545 0 0 0 0 0 0 0 0 0 0 0 0 0 0
objs_soap_box_salt:0 0 0 0 0 0.00454545 0 0 0 0 0.0560365 0.0265909 0 0 0 0.0695466 0.0878041 0.0269697 0 0 0 0.0552789 0.0878041 0 0 0 0 0.0878041 0.0077381 0 0 0 0.0878041 0.0077381 0 0.0140909 0.0836375 0.0878041 0 0 0.0746873 0.0691678 0 0 0 0.0453546 0.0195971 0 0 0 0 0 0 0 0 0 0 0 0 0
