objs_large_brush_mug:0.0239405 0.0267183 0.0136727 0.00557276 0 0.0374567 0.0130456 0 0 0 0.0307145 0.003125 0 0 0 0.0378743 0 0 0 0 0.0450694 0.0412232 0.0240144 0 0 0.0282922 0.0650485 0.069069 0.0352949 0.00384615 0.037031 0.0692152 0.0718468 0.0379265 0.00454545 0.0436489 0.0310313 0.00925551 0 0 0.039984 0.0139411 0 0 0 0.0242999 0.017487 0.00277778 0 0 0.0244983 0.0175741 0.00277778 0 0 0.00809991 0.0267183 0.0107315 0.00263158 0
objs_food_box_phone_camcorder_glad_batteries_shampoo:0 0 0 0 0 0.00530167 0 0 0 0 0.0385611 0.0214271 0 0 0 0.059279 0.0748801 0.00202686 0 0 0.00104167 0.0680151 0.0620711 0 0 0 0.00716553 0.0748801 0.0748801 0.0110714 0 0.0102602 0.0738939 0.0748801 0.0110714 0.00128205 0.0662151 0.0567781 0.000986193 0 0.0562947 0.0657102 0.00410914 0 0 0.0514528 0.0154024 0.00205457 0 0 0.00677633 0.00104167 0 0 0 0.00119048 0 0 0 0
objs_bear_bowl:0 0.00675725 0 0 0 0.00294118 0.00675725 0 0 0 0.0175986 0.0224462 0.00666925 0 0 0.0424121 0.0505133 0.036784 0 0 0.0146079 0.0246381 0.0488221 0.0483394 0 0.00217391 0.0234207 0.0452478 0.0550967 0.0202288 0 0.0212468 0.0401244 0.0550967 0.0202288 0.00333333 0.0449586 0.0550967 0.0488221 0 0.0171081 0.0461887 0.0348749 0.00372807 0 0.0420406 0.0454888 0.0113027 0 0 0.00844329 0.0154486 0.00425725 0 0 0 0.00675725 0 0 0
objs_large_vitamins_water_bottle:0.00520833 0 0 0 0 0.0257576 0 0 0 0 0.0906313 0.0268939 0 0 0 0.0511932 0.0829924 0 0 0 0.0240846 0.0721023 0.0596023 0 0 0.0131944 0.031029 0.0961869 0 0 0.0240846 0.0961869 0.0961869 0 0 0.0791414 0.0710606 0 0 0 0.0443624 0.00555556 0 0 0 0.00454545 0 0 0 0 0 0 0 0 0 0 0 0 0 0
objs_soap_box_salt:0 0 0 0 0 0.00454545 0 0 0 0 0.0560365 0.0265909 0 0 0 0.0695466 0.0878041 0.0269697 0 0 0 0.0552789 0.0878041 0 0 0 0 0.0878041 0.0077381 0 0 0 0.0878041 0.0077381 0 0.0140909 0.0836375 0.0878041 0 0 0.0746873 0.0691678 0 0 0 0.0453546 0.0195971 0 0 0 0 0 0 0 0 0 0 0 0 0
